3.887
5.666
4.192
10.042
14.164000000000000
14.547
13.906000000000000
13.437000000000000
12.652000000000000
7.3120000000000000
4.225
2.165
-0.27600000000000000
3.704
4.529
8.246000000000000
13.039000000000000
17.115
17.61
17.91
14.852
6.482000000000000
4.032
1.0210000000000000
-1.5030000000000000
0.8060000000000000
3.765
7.210000000000000
9.715
13.139000000000000
13.847000000000000
11.818
10.028
1.8940000000000000
6.955
3.249
5.014000000000000
4.082
4.52
5.983
10.189
13.512
12.526
14.587
12.626
8.267000000000000
4.268000000000000
0.2470000000000000
-0.8110000000000000
2.436
1.864
7.436000000000000
10.661
11.945
12.887
13.917
11.197000000000000
6.7010000000000000
5.436
2.553
0.6000000000000000
2.735
5.976
7.321000000000000
13.451
16.821000000000000
19.021
15.331
12.535000000000000
7.2270000000000000
5.0890000000000000
-0.8370000000000000
6.8660000000000000
4.801
3.5280000000000000
9.019
10.881000000000000
13.499
14.72
13.992
10.326
6.156000000000000
6.367000000000000
3.123
1.3690000000000000
0.7710000000000000
1.5760000000000000
7.871000000000000
10.701
12.271
16.391
14.126
11.378
5.535
4.588
3.384
1.7410000000000000
6.162000000000000
5.521
7.880000000000000
11.175
11.723
12.507
12.282
10.696
10.011000000000000
5.791
5.315
3.78
3.832
6.859
9.013
10.734000000000000
10.833000000000000
13.953
13.12
10.993
7.904
5.603
2.399
-0.7930000000000000
4.896
6.062
8.007
11.228
13.653
13.555
13.758
12.25
8.465
7.4540000000000000
2.333
-0.6430000000000000
3.932
7.022
6.278
10.193
14.112
13.361000000000000
14.597000000000000
11.675
9.027000000000000
7.915
1.189
-2.08
0.5060000000000000
2.4460000000000000
6.92
9.066
12.490000000000000
13.875
12.352
10.824000000000000
7.729000000000000
4.581
2.667
2.305
2.164
4.57
8.967000000000000
12.873
15.142000000000000
14.461000000000000
13.494000000000000
11.25
5.297000000000000
2.79
-0.9780000000000000
1.974
4.105
1.6120000000000000
9.788
9.996
11.884
11.621000000000000
11.413
10.724
8.661
5.791
4.734
5.101
-0.27400000000000000
2.8140000000000000
5.717000000000000
9.626
14.104000000000000
13.828
14.204
11.363
10.317
4.916
2.522
1.253
1.4780000000000000
3.057
8.858000000000000
9.531
12.647000000000000
14.581
14.098000000000000
10.303
9.268
7.736000000000000
5.5120000000000000
-0.43700000000000000
1.4210000000000000
4.4220000000000000
9.415
12.764000000000000
12.811
14.484000000000000
13.624
12.488
9.206
3.369
5.091000000000000
-0.3250000000000000
4.914
5.643
10.153
16.025
15.371
16.521
14.099
10.936
8.59
3.029
0.31000000000000000
4.261
6.4270000000000000
7.7590000000000000
7.952000000000000
11.399000000000000
12.314
14.719000000000000
14.435
11.096000000000000
10.372
8.179
1.2840000000000000
-0.8060000000000000
4.825
4.652
7.440000000000000
10.475
14.564
14.108000000000000
14.837
10.602
8.060000000000000
5.87
5.021
6.021000000000000
4.9190000000000000
5.572
6.362000000000000
11.389000000000000
12.323
12.743
12.815
11.379000000000000
6.956
5.529
3.0670000000000000
2.521
6.0940000000000000
4.604
10.984000000000000
11.286
11.731
15.037
12.869000000000000
13.377
8.049
3.8540000000000000
2.101
1.4700000000000000
5.14
6.9670000000000000
9.965
14.18
12.547
13.659
13.799000000000000
12.683
9.35
5.7700000000000000
2.269
2.515
4.08
5.724
13.732000000000000
15.757000000000000
14.747
16.183
12.947000000000000
8.844
9.376
6.706
2.5840000000000000
2.401
2.267
4.772
6.923000000000000
11.102
11.678
14.285
14.141000000000000
10.304000000000000
8.547000000000000
7.523
3.2880000000000000
0.3410000000000000
0.6390000000000000
2.565
8.618000000000000
10.990000000000000
13.801000000000000
13.925
15.683
12.398
8.978
4.956
1.921
-1.4310000000000000
5.2940000000000000
4.7990000000000000
8.574
11.819
14.34
13.069
13.971000000000000
9.958000000000000
7.357000000000000
2.1960000000000000
2.224
2.596
0.989
3.9190000000000000
8.142000000000000
10.013
12.803
14.947
15.861000000000000
10.266000000000000
6.8360000000000000
4.5570000000000000
3.415
0.865
1.045
2.289
6.379
9.853
13.744000000000000
14.468
14.466
10.497
7.351000000000000
5.526
1.8730000000000000
0.7630000000000000
2.657
5.648
9.318
11.583000000000000
13.035
15.294
14.455
12.158
7.712000000000000
5.7410000000000000
0.7340000000000000
2.845
2.563
4.698
7.7720000000000000
11.403
14.369000000000000
13.451000000000000
13.555
10.357000000000000
7.7720000000000000
5.801
1.7960000000000000
0.7350000000000000
3.5810000000000000
5.336
8.714000000000000
10.428
13.808
16.468
13.885
11.699000000000000
9.349
6.111000000000000
1.2520000000000000
3.7060000000000000
1.675
3.989
7.694000000000000
11.666
13.507
15.462
13.84
12.018
7.39
5.9640000000000000
3.099
2.444
2.9730000000000000
4.582
6.053000000000000
10.357000000000000
13.746
13.812000000000000
13.925
11.233
8.577
5.331
2.755
1.493
3.466
4.79
9.127
9.859
13.231
13.612
13.744000000000000
11.677
8.08
6.206
3.5260000000000000
0.3480000000000000
3.62
4.429000000000000
7.994
11.321
13.581
14.212
12.281000000000000
12.491
8.097000000000000
5.306
3.388
0.5210000000000000
4.745
5.042
8.643000000000000
11.059000000000000
13.146
14.336000000000000
13.16
12.002
8.393000000000000
5.666
2.037
3.71
3.605
5.696000000000000
9.367
12.376
11.994000000000000
12.874
13.484000000000000
11.896
9.108
5.284
2.918
2.7310000000000000
4.39
5.709
8.918
11.029000000000000
13.293
14.295
13.14
11.133
7.7860000000000000
5.207000000000000
2.573
2.8440000000000000
2.736
3.477
7.773
11.273
14.216
14.314
14.722000000000000
12.012
8.924
5.702000000000000
1.2590000000000000
4.396
4.957
4.056
6.6
10.417
13.852
14.107000000000000
14.04
12.459000000000000
9.191
4.777
3.275
2.6790000000000000
3.213
7.008000000000000
8.083
11.769000000000000
13.246
14.951000000000000
14.754000000000000
11.627
8.655
6.031000000000000
2.027
1.923
2.0780000000000000
3.986
8.786
11.353
13.68
14.869000000000000
14.086000000000000
12.311
9.606
5.904
3.487
2.815
3.634
4.452
9.125
11.097000000000000
13.606
13.763
13.619000000000000
10.795
9.469
5.572
3.864
2.6870000000000000
3.1490000000000000
6.455
7.404
12.123
12.536
14.676000000000000
13.187000000000000
11.462
9.099
5.72
4.5780000000000000
3.74
2.8280000000000000
5.2010000000000000
7.623000000000000
10.457
14.471000000000000
14.628
14.039000000000000
11.788000000000000
9.747
5.535
2.8810000000000000
0.6020000000000000
1.443
4.875
9.291
11.795
13.821
15.106
15.366
12.33
9.119
5.961
2.327
2.4450000000000000
1.939
4.425
10.057
12.107000000000000
13.774000000000000
15.774
14.511
12.468
9.282
7.132000000000000
2.224
2.822
2.557
5.76
8.123
11.104000000000000
14.027000000000000
14.702
15.27
12.039000000000000
7.636000000000000
4.555
4.158
2.9170000000000000
2.937
4.691
8.032
11.503
12.418
13.923
14.593
12.549000000000000
8.426
5.231
3.989
1.0550000000000000
4.094000000000000
4.788
6.971000000000000
9.331
13.293
14.138
13.799000000000000
12.615000000000000
8.857000000000000
6.015
4.4210000000000000
1.131
2.142
4.361000000000000
7.482000000000000
9.357000000000000
13.429000000000000
14.491
13.047
12.711
7.972000000000000
4.5120000000000000
0.887
0.20800000000000000
0.8560000000000000
3.425
7.833000000000000
9.243
12.998
12.656000000000000
12.905
10.967
8.65
3.099
2.077
0.8880000000000000
2.391
5.014000000000000
6.533
9.069
11.934000000000000
12.551000000000000
12.041000000000000
9.532
6.632000000000000
3.827
2.66
1.374
0.4500000000000000
3.701
6.3020000000000000
9.443
12.137
11.956
13.326000000000000
10.368
6.58
3.503
3.174
0.977
0.13100000000000000
2.044
6.950000000000000
9.580000000000000
12.005
14.355
15.018000000000000
10.185
7.593
4.369
1.348
-1.3850000000000000
2.258
1.5960000000000000
8.182000000000000
11.367
13.242
14.521000000000000
13.097000000000000
12.339
8.666
6.825
2.171
1.5020000000000000
1.689
2.664
7.193
9.417
12.818
12.532
12.668
10.676000000000000
7.374
6.739
5.8290000000000000
2.051
2.273
3.663
6.588000000000000
9.845
11.162
14.394
13.209000000000000
11.151
7.1370000000000000
4.178
1.2210000000000000
2.737
0.6760000000000000
3.905
7.606
10.594000000000000
11.79
12.267000000000000
12.57
10.39
5.699
4.058
0.9580000000000000
1.54
3.6490000000000000
4.569
7.8890000000000000
9.476
11.287
12.072000000000000
13.403000000000000
8.812000000000000
6.2030000000000000
4.638
0.17000000000000000
1.2040000000000000
0.7550000000000000
5.565
9.901
11.247
13.825
13.51
13.166000000000000
10.578
6.654
5.035
2.507
1.0140000000000000
2.286
2.931
7.029
9.851
12.526
13.038
12.557
10.894000000000000
9.312000000000000
5.15
1.842
1.236
2.145
4.618
8.7
11.62
13.323
13.311
11.978
11.16
7.588000000000000
4.4430000000000000
1.273
2.9990000000000000
3.758
5.462000000000000
7.739000000000000
11.3
12.608
13.039000000000000
13.145
10.178
8.535
5.601
2.717
2.759
4.465
7.787000000000000
8.278000000000000
10.486
13.067
14.212
13.215
10.695
7.774000000000000
4.501
1.0210000000000000
1.758
1.966
5.0680000000000000
7.665000000000000
10.563
13.958
14.197
13.13
10.198
7.642000000000000
4.508
1.971
2.651
2.679
5.357
8.375
11.132
13.427
14.83
13.437000000000000
11.528
8.197000000000000
5.877000000000000
5.0760000000000000
3.213
3.092
5.365
8.988
10.751
13.765
14.007
13.269
11.148
7.979000000000000
6.058
3.037
1.893
1.533
4.888
8.403000000000000
11.804000000000000
13.02
14.482000000000000
13.109000000000000
11.178
8.459
6.6340000000000000
4.876
3.593
4.415
6.141
9.429000000000000
11.807
13.548
14.684000000000000
13.694
10.883
8.51
6.279
2.722
0.5950000000000000
1.8530000000000000
5.729
8.737
11.281
14.124
14.384
13.635
10.080000000000000
8.656000000000000
5.957000000000000
2.9530000000000000
2.032
1.715
5.061
7.815000000000000
11.336
12.86
14.225
13.399000000000000
10.598
8.806000000000000
5.003
2.452
2.9570000000000000
4.085
4.4540000000000000
8.841000000000000
10.202
12.827
14.942
13.386
10.54
7.9930000000000000
7.493000000000000
4.481
2.182
2.479
4.558
7.731
10.994000000000000
13.203
13.58
12.49
9.946
7.83
4.412
2.265
1.7170000000000000
1.833
4.65
8.059
10.489
12.857000000000000
13.727
11.966
10.426000000000000
8.634
4.2620000000000000
0.7820000000000000
2.006
2.815
4.521
7.869
10.581
13.049000000000000
13.803000000000000
13.222000000000000
11.236
7.900000000000000
6.596
2.5580000000000000
0.3340000000000000
2.329
5.736000000000000
8.085000000000000
11.234000000000000
12.799000000000000
14.197
13.412
11.571
8.617000000000000
6.355
3.092
2.551
2.967
4.507
7.769000000000000
10.171
12.007
13.129000000000000
12.322000000000000
9.942
7.835000000000000
4.312
1.198
1.67
2.371
5.4480000000000000
7.315000000000000
10.279000000000000
12.549000000000000
13.646000000000000
12.83
10.812000000000000
8.756
3.8140000000000000
2.86
1.94
2.619
3.865
6.556000000000000
9.973
12.099
13.526
13.018000000000000
10.805
7.653
4.1690000000000000
2.285
-0.5570000000000000
1.5630000000000000
3.7230000000000000
7.383000000000000
9.985
12.742
14.367
13.568
11.106
8.526
5.16
2.613
2.156
3.4820000000000000
2.673
7.892000000000000
10.289000000000000
12.548
14.411
14.07
10.853
8.219
3.92
1.0740000000000000
2.5610000000000000
2.1020000000000000
4.04
7.943
11.173
13.411
14.714
13.086000000000000
11.01
7.505
4.101
1.909
0.6490000000000000
2.468
3.307
6.77
10.764000000000000
13.062000000000000
14.552
13.708
10.921
8.765000000000000
4.744
2.548
1.636
2.787
5.75
8.310000000000000
10.535
12.629000000000000
13.584000000000000
13.241
10.94
8.307
4.824
3.73
2.9740000000000000
3.92
4.744
7.830000000000000
10.04
12.53
13.991
13.295
11.326
8.722000000000000
4.947
3.765
1.868
2.0380000000000000
4.734
7.3890000000000000
10.109
12.84
13.921
13.046
10.819
8.7
4.401
1.891
2.661
1.6270000000000000
4.651
8.158
10.433
12.863
14.319
13.556
11.234000000000000
7.782000000000000
5.194
1.7360000000000000
3.213
3.3760000000000000
6.314
7.473000000000000
10.896
13.53
14.923
14.121000000000000
11.738
8.229
5.0440000000000000
3.7760000000000000
2.753
3.602
4.046
7.980000000000000
10.622
12.828
14.25
13.414000000000000
11.619000000000000
8.618
5.574
1.7260000000000000
0.5100000000000000
3.7260000000000000
4.806
8.11
10.580000000000000
13.247
14.466
13.268000000000000
10.997
8.655
5.29
2.099
1.9410000000000000
2.638
5.3020000000000000
7.028
10.159
13.0
14.458
13.603
11.093
8.890000000000000
5.7780000000000000
1.923
0.7490000000000000
3.071
4.954
7.2170000000000000
10.004
13.15
14.492
14.039000000000000
11.505
8.091000000000000
4.7330000000000000
2.803
2.431
2.508
4.192
7.287000000000000
11.113
13.418
14.531000000000000
13.751
11.677
9.122
4.973
3.14
2.3760000000000000
2.54
3.884
7.487000000000000
11.169
13.164000000000000
14.512
13.304
11.478
8.91
4.593
3.785
1.786
2.228
4.078
7.541000000000000
10.975
13.41
14.645
13.953
11.71
8.535
4.783
2.858
1.281
1.941
4.698
7.622000000000000
11.095
12.829
14.692
13.889000000000000
11.514000000000000
9.763
5.745
3.457
2.522
2.982
4.617
8.58
11.186
12.984000000000000
13.926000000000000
13.547
11.141000000000000
8.444000000000000
5.186
2.214
2.76
2.226
4.372
7.751000000000000
10.53
13.496
14.019
13.021000000000000
10.948
8.087
5.36
3.3810000000000000
1.821
2.481
4.312
6.827000000000000
9.885
12.611
13.953
13.203
11.056
8.198
5.236000000000000
3.515
2.739
2.2840000000000000
4.834
8.25
10.851
12.956
13.677
13.22
11.148
8.810000000000000
5.99
2.444
2.015
2.611
5.023
8.542
11.456
13.142000000000000
13.827
13.217
11.080000000000000
8.834
5.912000000000000
3.365
2.077
2.6320000000000000
3.4940000000000000
7.76
11.062000000000000
13.272000000000000
14.203
13.765
11.892000000000000
8.712
5.027
1.6340000000000000
0.4040000000000000
2.137
4.489
7.487000000000000
10.516000000000000
13.017000000000000
13.967
13.656000000000000
11.409
8.475
5.707000000000000
2.8940000000000000
0.685
1.769
4.485
7.323000000000000
10.739
12.86
13.928000000000000
13.188000000000000
11.028
8.283
4.792
1.6230000000000000
3.0340000000000000
3.253
4.6820000000000000
7.931000000000000
11.081
12.794
13.765
13.294
11.23
8.235
5.392
2.6510000000000000
1.551
2.506
4.651
7.515
10.956
13.365
14.162
13.434000000000000
11.37
8.795
5.232
2.266
2.975
2.1520000000000000
4.039
7.314000000000000
10.917
13.214
14.22
13.58
11.797
9.136000000000000
6.144
2.6460000000000000
2.932
2.274
4.421
7.914
10.898
12.853
14.602
13.532
11.527000000000000
8.506
5.8950000000000000
4.152
2.4820000000000000
2.664
4.4540000000000000
8.258
10.495
13.303
14.223000000000000
13.506000000000000
11.763
9.212
6.939
3.937
1.834
2.039
4.538
8.183
11.308
13.162
14.514000000000000
13.744000000000000
11.669
9.448
5.192
3.344
2.115
3.864
4.3740000000000000
7.9210000000000000
11.295
13.537
14.337
14.01
12.247
9.006
5.773
2.7060000000000000
2.082
2.1340000000000000
4.656000000000000
7.879
11.339
13.653
14.599
13.484000000000000
11.952
8.810000000000000
5.6
2.228
1.4470000000000000
1.736
4.6850000000000000
8.34
10.788000000000000
13.08
14.29
13.932
11.711
9.096
5.113
3.1630000000000000
1.652
2.35
4.922
7.846000000000000
11.198
13.055
14.285
13.821
11.958000000000000
9.24
5.372000000000000
2.627
2.013
3.195
4.704
7.462000000000000
11.006000000000000
13.405
14.287
13.755
11.487000000000000
9.234
5.819
3.846
2.685
3.069
4.221
8.231
11.306
13.306
14.122
13.815
12.111
9.12
5.809
3.407
1.533
2.259
4.256
7.636000000000000
10.746
13.157
14.144
13.401
11.319
8.585000000000000
4.614
2.665
1.856
2.617
4.748
8.199
10.69
13.131000000000000
14.319
13.481
11.687000000000000
8.946
5.093
2.194
2.286
2.928
5.297000000000000
8.039
11.056
13.384
14.642000000000000
14.151
12.075
9.273
6.348
2.9960000000000000
2.0170000000000000
3.728
6.6080000000000000
8.899
11.017000000000000
13.796
14.742
14.094000000000000
12.093
9.173
6.446000000000000
3.344
2.303
2.737
4.9240000000000000
7.768000000000000
10.803
13.23
14.238
13.245
11.449000000000000
9.229
5.526
2.5380000000000000
1.755
2.052
4.63
7.559000000000000
11.096000000000000
13.327
14.141000000000000
13.807
11.386
8.673
5.893
3.1060000000000000
2.4610000000000000
2.6260000000000000
5.01
8.323000000000000
11.165
12.745
14.203
13.71
11.689
8.851000000000000
5.272
3.196
2.99
3.2310000000000000
5.04
7.691000000000000
10.888
12.805
13.747
13.703
11.736
8.445
5.066
2.205
1.4600000000000000
1.856
4.929000000000000
7.691000000000000
10.832
13.302
14.011
13.224
11.343
8.909000000000000
4.905
3.261
2.12
2.474
3.892
7.186000000000000
10.198
12.527000000000000
13.622
13.257
11.235
8.581
5.164
3.028
1.003
2.2430000000000000
4.622
7.3360000000000000
10.567
12.716
13.972000000000000
13.351
11.435
8.722000000000000
5.425
3.6440000000000000
1.436
1.793
4.2620000000000000
7.909
10.784
12.789000000000000
14.226000000000000
13.323
11.6
8.604
5.226
3.502
0.8240000000000000
2.0540000000000000
4.552
7.789
10.84
12.89
14.021000000000000
13.097000000000000
11.707
8.738
5.5920000000000000
2.875
1.7080000000000000
2.039
4.3
7.845
10.62
12.921
14.242
13.511
11.685
9.201
5.792000000000000
3.222
1.7620000000000000
3.409
5.2990000000000000
8.589000000000000
11.242
13.288
14.225
13.504000000000000
11.547
8.865
4.9990000000000000
3.099
1.8360000000000000
2.516
4.21
7.739000000000000
10.464
12.872
14.034
13.266000000000000
11.546
9.178
5.03
2.969
1.6780000000000000
1.88
4.755
7.6180000000000000
10.785
12.888
13.93
13.496000000000000
11.763
8.722000000000000
5.115
3.602
2.0180000000000000
2.805
4.362
7.5620000000000000
10.622
13.263
13.89
13.42
11.764000000000000
9.29
4.859
2.935
0.5
1.6540000000000000
4.979
7.994
10.747
13.051000000000000
14.318
13.454
11.767000000000000
9.16
5.902
3.155
1.6910000000000000
2.923
5.118
7.6630000000000000
10.944
12.858
14.004000000000000
13.488