3.513
4.265
5.574
3.752
2.608
3.213
2.192
2.175
2.954
2.201
2.86
3.841
4.022
4.261
3.638
4.3040000000000000
4.98
4.59
4.322
4.035
3.189
3.173
2.643
5.155
7.349
3.753
3.3680000000000000
2.986
3.091
2.055
3.608
2.979
2.347
2.332
3.2430000000000000
3.244
3.673
5.966
3.958
3.159
2.503
2.232
2.65
5.626
3.235
2.983
3.167
4.995
4.567
3.535
4.666
2.669
1.857
2.14
2.567
2.789
3.865
3.422
2.3480000000000000
2.642
4.779
3.775
3.225
1.652
1.709
3.1660000000000000
2.696
2.013
4.075
3.932
2.248
4.468
3.776
7.88
4.1390000000000000
2.199
3.044
3.3110000000000000
1.966
3.329
3.2260000000000000
2.879
3.354
3.188
6.415
4.102
4.635
2.275
2.736
2.224
1.754
2.157
2.827
2.9610000000000000
2.08
3.653
3.628
2.8680000000000000
2.488
3.159
4.55
1.707
3.256
1.259
2.236
2.515
2.8280000000000000
2.809
4.928
3.156
2.442
1.4480000000000000
1.928
1.453
2.375
1.872
1.705
1.533
3.737
2.556
4.766
3.741
2.802
2.084
1.555
3.745
2.341
2.5980000000000000
2.855
1.491
3.774
2.278
5.6560000000000000
4.973
4.418
3.557
1.501
1.426
2.559
1.466
2.313
1.611
3.775
2.297
3.027
3.04
2.157
1.84
2.4330000000000000
1.729
2.552
2.046
1.504
2.5580000000000000
2.02
2.286
3.76
2.527
2.225
3.105
1.753
1.727
3.669
1.604
1.598
2.395
2.267
2.291
4.275
4.129
2.276
3.516
1.27
3.395
2.658
3.14
1.51
1.6030000000000000
2.7260000000000000
2.87
4.287
3.218
3.237
2.647
3.088
1.403
1.435
2.246
1.515
1.721
2.952
3.506
4.624
5.963000000000000
2.206
1.524
1.844
2.4290000000000000
1.409
1.641
1.334
1.386
2.582
2.624
2.9330000000000000
3.0210000000000000
2.083
2.095
2.537
1.259
1.085
1.162
1.676
1.874
4.817
3.787
4.557
5.124
2.779
3.849
2.535
3.891
3.806
1.947
2.115
2.625
4.4830000000000000
3.2710000000000000
3.435
3.139
2.394
1.538
1.846
2.805
1.058
1.093
1.459
2.116
4.56
2.404
4.467
3.762
2.388
1.404
5.237
2.4330000000000000
1.3030000000000000
3.437
2.065
2.152
2.7880000000000000
2.934
3.11
5.268
2.307
1.401
2.117
1.607
1.078
1.269
2.692
3.464
2.276
2.725
3.544
3.569
4.151
1.69
1.673
3.975
2.216
2.658
2.35
3.608
2.675
2.361
2.802
4.959
3.017
3.0860000000000000
1.863
2.14
1.858
1.4780000000000000
1.809
1.544
2.258
3.256
3.438
3.179
2.381
3.0580000000000000
1.419
2.9810000000000000
1.3
3.131
2.104
1.873
2.596
3.5580000000000000
4.948
3.5810000000000000
2.443
2.076
1.838
1.385
1.696
1.004
3.69
1.2820000000000000
1.676
4.427
3.547
4.862
2.221
2.154
1.474
1.517
2.96
2.487
1.7280000000000000
1.826
2.4730000000000000
3.358
5.293000000000000
3.683
2.597
1.564
2.906
1.541
1.3430000000000000
1.6130000000000000
1.439
2.6210000000000000
2.2
3.133
3.347
2.842
3.258
1.272
1.538
1.8
1.803
2.595
1.068
1.68
2.522
3.343
2.754
2.408
4.215
1.45
2.088
2.653
2.215
2.046
1.143
1.732
2.261
1.909
2.436
2.463
2.27
3.079
2.387
1.295
2.311
3.35
2.9330000000000000
1.4380000000000000
3.837
2.506
3.176
2.842
3.1260000000000000
1.5220000000000000
1.364
2.099
2.425
1.4370000000000000
1.5630000000000000
3.312
2.844
2.631
2.9930000000000000
4.039
3.057
2.657
1.336
1.262
2.9160000000000000
1.5320000000000000
1.261
2.132
1.682
5.827000000000000
4.039
2.576
1.595
1.507
2.228
1.042
1.922
1.298
1.189
1.836
1.586
1.606
1.94
2.5980000000000000
1.914
2.314
1.057
1.226
1.6570000000000000
1.269
1.524
1.297
1.565
2.899
5.035
2.44
2.249
1.617
1.256
1.314
1.0590000000000000
0.807
1.248
1.019
1.793
1.568
2.516
2.434
1.692
1.368
1.101
1.406
1.362
1.395
1.072
1.39
2.145
2.524
2.674
2.624
2.145
1.904
1.544
1.91
2.864
1.746
2.325
1.661
3.635
2.261
3.869
5.138
1.805
1.219
1.063
1.159
1.283
0.989
1.57
1.29
2.087
2.276
2.506
3.3360000000000000
1.959
1.88
2.444
0.987
2.165
1.135
1.3970000000000000
2.202
2.269
2.24
2.096
2.019
2.044
1.16
0.955
2.923
0.964
2.777
1.919
1.283
1.456
3.452
2.397
2.564
2.948
3.3110000000000000
2.432
1.014
1.6130000000000000
1.713
1.7720000000000000
1.332
1.727
1.725
1.967
2.0340000000000000
2.537
1.85
2.029
0.7930000000000000
1.281
2.047
1.6870000000000000
1.024
2.629
2.962
2.229
2.891
1.5620000000000000
2.533
1.545
0.873
1.308
1.083
1.378
1.369
1.894
2.196
1.844
2.6
2.613
2.168
1.725
1.169
0.933
1.4170000000000000
1.62
1.643
1.264
1.628
1.922
2.045
1.336
1.619
1.541
0.877
1.56
1.223
1.384
1.267
1.681
2.525
1.905
2.053
2.7060000000000000
1.464
1.82
1.253
1.155
1.586
2.141
1.612
2.146
2.347
2.026
2.887
2.061
1.914
0.898
0.7660000000000000
0.944
1.252
1.259
1.479
1.843
2.269
2.6830000000000000
2.293
2.186
1.117
1.274
1.58
1.318
1.08
2.644
1.231
2.099
2.597
2.512
2.455
1.4980000000000000
1.291
1.216
1.368
1.151
1.021
1.831
1.6030000000000000
2.399
1.922
2.167
2.079
1.557
1.7720000000000000
1.426
0.8370000000000000
1.505
1.361
1.753
1.113
1.5420000000000000
1.729
2.393
2.677
2.253
1.26
0.93
1.271
1.605
1.525
1.18
1.193
1.588
1.232
4.1110000000000000
2.175
3.02
1.459
2.068
1.585
1.676
1.227
1.6880000000000000
1.48
1.7720000000000000
1.7010000000000000
2.59
2.818
1.666
2.498
1.304
1.348
1.481
1.6670000000000000
1.633
3.554
2.478
2.588
3.258
2.403
4.457
2.229
1.907
2.281
2.016
1.212
1.247
1.989
2.64
2.093
2.323
3.475
1.808
1.422
1.663
1.706
1.383
2.289
1.931
2.863
1.802
2.484
4.545
3.062
1.805
1.984
1.279
1.1740000000000000
1.463
1.746
2.052
1.793
2.585
2.139
2.191
1.958
1.622
1.486
3.826
1.138
0.877
0.995
1.743
1.565
1.315
1.79
2.622
2.121
2.259
1.5
2.321
0.989
1.852
1.453
1.332
1.847
3.428
4.298
2.033
2.386
2.3280000000000000
2.341
1.812
1.242
2.371
1.348
1.503
2.295
1.732
2.207
2.724
2.947
1.928
2.129
1.804
1.087
1.538
1.257
0.7070000000000000
3.583
3.81
2.801
2.451
2.547
2.153
1.836
1.394
1.25
1.057
1.307
1.178
1.963
1.6910000000000000
1.673
1.775
1.912
2.177
2.662
1.457
2.26
1.9
0.996
1.063
1.704
2.807
1.236
1.984
1.995
2.93
1.344
1.112
1.539
1.17
1.124
1.052
1.223
1.6270000000000000
1.883
3.9
2.004
1.945
1.168
1.256
0.912
1.375
1.317
1.176
1.605
1.074
1.693
1.5490000000000000
2.018
1.275
0.858
1.392
1.4240000000000000
1.289
1.482
1.219
0.924
1.802
1.278
2.416
1.83
2.016
1.295
1.159
0.899
1.068
0.8960000000000000
0.8690000000000000
1.163
1.345
1.547
1.796
1.93
1.192
1.6770000000000000
0.922
1.125
1.026
0.6940000000000000
1.083
1.24
2.079
1.5830000000000000
1.432
1.784
1.355
1.288
1.136
1.953
2.158
0.924
1.557
0.774
1.199
1.814
1.913
1.479
1.646
1.964
1.325
1.0490000000000000
1.163
1.335
0.978
1.261
2.412
1.569
1.68
1.619
1.669
2.204
0.826
1.539
1.134
1.511
1.779
1.789
1.145
1.82
2.3280000000000000
1.952
1.356
2.669
1.393
1.228
0.662
0.79
0.66
1.222
1.236
1.827
2.036
2.002
1.871
1.471
1.412
1.081
1.753
0.975
1.078
1.832
1.765
2.505
1.931
1.959
1.294
1.0
1.123
1.3120000000000000
0.912
0.86
0.7760000000000000
1.3120000000000000
1.449
1.909
2.346
1.896
1.369
1.098
1.01
1.7180000000000000
1.839
0.643
1.023
1.18
1.7280000000000000
1.327
2.217
3.5410000000000000
1.616
0.908
1.285
1.882
1.172
0.7930000000000000
0.954
1.068
1.358
1.584
1.757
1.656
1.374
1.0590000000000000
1.252
1.126
2.067
1.3090000000000000
1.194
0.983
1.914
2.794
1.76
1.354
1.367
1.0760000000000000
0.961
0.883
1.42
0.835
0.8190000000000000
1.108
1.388
1.831
2.032
1.483
1.28
1.11
0.6970000000000000
0.7610000000000000
1.186
0.866
0.731
0.773
1.849
1.0590000000000000
1.755
1.464
1.136
1.079
1.4470000000000000
0.992
0.693
0.805
0.925
1.021
1.419
2.568
1.6980000000000000
1.611
1.208
0.983
1.297
0.893
0.6
1.362
0.975
1.131
1.192
1.083
2.033
1.893
1.3260000000000000
1.017
1.574
0.7980000000000000
1.618
1.224
0.664
0.851
1.307
1.186
1.999
1.622
1.472
1.339
0.8220000000000000
0.631
0.884
0.986
0.889
1.021
1.044
1.239
1.681
1.546
1.493
0.92
0.68
0.8390000000000000
0.942
1.296
0.7140000000000000
0.972
1.4510000000000000
1.619
1.4680000000000000
1.561
1.469
0.7760000000000000
0.698
1.028
0.462
0.936
0.586
0.853
0.982
1.075
1.761
1.602
1.324
0.942
0.573
0.64
0.737
0.7490000000000000
0.583
0.654
0.878
0.981
1.64
1.56
1.164
0.76
0.643
0.6610000000000000
0.509
0.642
0.677
0.759
0.792
0.963
1.212
1.045
0.88
0.691
0.636
0.523
0.545
0.564
0.534
0.596
0.775
0.997
1.17
1.137
0.999
0.81
0.648
0.7240000000000000
0.605
0.6920000000000000
0.8170000000000000
0.919
1.327
1.264
1.364
1.226
0.882
0.731
0.772
0.631
0.725
0.561
0.536
0.652
1.155
1.3430000000000000
1.47
1.177
1.031
1.729
0.8440000000000000
1.143
0.737
0.765
0.716
0.8760000000000000
1.039
1.094
1.269
1.383
1.5830000000000000
0.998
0.752
0.428
0.6
0.657
0.528
0.8440000000000000
0.778
0.988
1.341
1.4370000000000000
0.967
1.054
0.584
0.583
0.613
0.7090000000000000
0.623
0.8370000000000000
0.748
0.96
1.308
1.345
1.06
0.845
0.644
0.659
0.6780000000000000
0.902
0.568
0.733
1.3130000000000000
0.908
1.105
1.275
0.955
0.665
0.617
0.614
0.614
0.802
0.675
0.863
1.149
1.183
1.122
1.1
0.971
0.8290000000000000
0.936
0.655
0.606
0.775
0.581
1.058
0.968
0.982
1.389
1.115
0.915
1.158
0.855
0.636
0.778
0.7660000000000000
0.6890000000000000
0.654
0.693
1.371
1.108
1.492
0.918
0.8240000000000000
0.743
0.674
0.659
0.723
0.7490000000000000
0.546
0.868
0.716
0.977
1.08
0.789
0.674
0.638
0.5330000000000000
0.85
0.898
0.552
0.964
0.7860000000000000
1.167
1.465
1.3220000000000000
0.898
1.034
0.799
0.79
0.635
0.601
0.638
0.778
0.69
0.996
0.752
0.953
0.735
0.57
0.915
0.778
0.422
0.866
0.884
0.759
0.5770000000000000
0.918
0.924
0.885
0.8440000000000000
0.5430000000000000
0.6810000000000000
0.7980000000000000
0.792
0.795
0.672
0.726
0.636
0.7170000000000000
1.094
0.662
0.757
0.6610000000000000
0.624
0.688
0.754
0.5580000000000000
0.517
0.62
0.774
0.688
1.007
1.0
0.916
0.617
0.616
0.514
0.5670000000000000
0.468
0.365
0.638
0.5720000000000000
0.816
0.86
0.75
0.87
0.46
0.7440000000000000
0.5480000000000000
0.471
0.503
0.535
0.466
0.555
0.75
0.846
0.755
0.759
0.6990000000000000
0.5380000000000000
0.7980000000000000
0.477
0.5760000000000000
0.501
0.494
0.482
0.916
1.105
0.7120000000000000
0.6610000000000000
0.8270000000000000
0.58
0.535
0.445
0.504
0.519
0.618
0.7510000000000000
1.01
1.228
1.099
0.7830000000000000
0.792
0.687
0.542
0.642
0.523
0.556
0.521
0.515
1.088
0.8760000000000000
1.05
0.767
0.622
0.531
0.73
0.57
0.5660000000000000
0.546
0.484
0.6990000000000000
0.6760000000000000
0.956
0.8320000000000000
0.768
0.643
0.488
0.586
0.542
0.535
0.5540000000000000
0.444
0.71
0.888
0.861
0.8540000000000000
0.711
0.531
0.5660000000000000
0.4320000000000000
0.44
0.629
0.496
0.512
0.526
0.7140000000000000
0.941
0.936
0.65
0.611
0.414
0.482
0.401
0.417
0.458
0.479
0.784
1.045
0.795
0.8490000000000000
0.578
0.493
0.494
0.375
0.431
0.552
0.418
0.428
0.504
0.639
1.028
0.82
0.631
0.758
0.642
0.532
0.449
0.4370000000000000
0.382
0.456
0.499
0.514
0.8080000000000000
0.7040000000000000
0.568
0.524
0.579
0.486
0.4
0.411
0.412
0.542
0.529
0.639
0.7930000000000000
0.94
0.649
0.461
0.451
0.392
0.382
0.449
0.516
0.412
0.825
0.573
0.996
0.856
0.611
0.5380000000000000
0.503
0.434
0.478
0.485
0.368
0.394
0.493
0.913
0.706
0.7490000000000000
0.696
0.616
0.42
0.495
0.407
0.438
0.436
0.4320000000000000
0.545
0.6660000000000000
0.825
0.7240000000000000
0.5920000000000000
0.39
0.411
0.467
0.419
0.382
0.366
0.475
0.626
0.5380000000000000
0.672
0.718
0.461
0.38
0.376
0.418
0.397
0.433
0.394
0.39
0.366
0.413
0.503
0.505
0.515
0.412
0.513
0.28
0.369
0.407
0.377
0.327
0.414
0.58
0.708
0.584
0.487
0.429
0.4
0.464
0.402
0.383
0.418
0.273
0.479
0.444
0.461
0.563
0.477
0.431
0.419
0.38
0.378
0.465
0.375
0.306
0.429
0.415
0.6580000000000000
0.672
0.461
0.458
0.388
0.459
0.379
0.426
0.35700000000000000
0.331
0.376
0.596
0.5720000000000000
0.491
0.468
0.456
0.389
0.436
0.396
0.384
0.289
0.29600000000000000
0.386
0.416
0.634
0.595
0.52
0.362
0.406
0.35700000000000000
0.344
0.376
0.287
0.315
0.397
0.439
0.486
0.4270000000000000
0.498
0.369
0.337
0.298
0.334
0.433
0.287
0.327
0.359
0.404
0.53
0.498
0.421
0.424
0.354
0.294
0.355
0.34
0.327
0.249
0.293
0.363
0.472
0.486
0.476
0.311
0.353
0.382
0.375
0.41
0.392
0.307
0.383
0.408
0.664
0.578
0.381
0.398
0.391
0.304
0.369
0.445
0.365
0.34700000000000000
0.377
0.481
0.545
0.453
0.34600000000000000
0.299
0.468
0.318
0.354
0.369
0.32300000000000000
0.355
0.353
0.449
0.568
0.464
0.433
0.333
0.396
0.327
0.343
0.358
0.378
0.263
0.382
0.46
0.375
0.456
0.401
0.429
0.389
0.395
0.321
0.436
0.344
0.28600000000000000
0.361
0.396
0.458
0.399
0.419
0.332
0.3720000000000000
0.275
0.327
0.383
0.339
0.282
0.44
0.412
0.401
0.373
0.377
0.35700000000000000
0.373
0.35200000000000000
0.354
0.35200000000000000
0.324
0.238
0.273
0.342
0.35100000000000000
0.398
0.331
0.284
0.388
0.253
0.338
0.365
0.264
0.281
0.353
0.418
0.399
0.326
0.39
0.301
0.36
0.279
0.328
0.353
0.26
0.268
0.331
0.471
0.488
0.365
0.4
0.294
0.365
0.287
0.339
0.3670000000000000
0.295
0.263
0.281
0.399
0.3720000000000000
0.354
0.398
0.355
0.293
0.276
0.311
0.364