0.279
0.223
0.282
0.3
0.28
0.329
0.318
0.285
0.321
0.266
0.312
0.36
0.294
0.224
0.268
0.334
0.392
0.28800000000000000
0.302
0.34700000000000000
0.339
0.267
0.328
0.369
0.277
0.229
0.29600000000000000
0.272
0.36
0.281
0.29
0.277
0.306
0.355
0.37
0.392
0.254
0.251
0.349
0.281
0.31
0.314
0.271
0.337
0.306
0.421
0.3670000000000000
0.414
0.322
0.247
0.274
0.325
0.326
0.42
0.293
0.345
0.31
0.29
0.333
0.394
0.282
0.252
0.31
0.342
0.276
0.416
0.261
0.292
0.35700000000000000
0.282
0.345
0.383
0.293
0.255
0.276
0.341
0.29100000000000000
0.418
0.251
0.326
0.339
0.28300000000000000
0.35
0.343
0.305
0.239
0.263
0.267
0.256
0.354
0.228
0.321
0.341
0.264
0.35600000000000000
0.35700000000000000
0.289
0.21
0.267
0.27
0.224
0.247
0.212
0.292
0.305
0.268
0.366
0.377
0.36
0.202
0.268
0.359
0.387
0.348
0.268
0.284
0.287
0.248
0.29600000000000000
0.327
0.265
0.212
0.224
0.29100000000000000
0.345
0.303
0.235
0.255
0.28
0.264
0.307
0.327
0.252
0.239
0.282
0.256
0.313
0.32300000000000000
0.2
0.242
0.29
0.289
0.32300000000000000
0.34
0.237
0.182
0.192
0.368
0.274
0.268
0.209
0.263
0.28
0.267
0.307
0.326
0.243
0.191
0.207
0.251
0.252
0.269
0.317
0.295
0.285
0.248
0.303
0.336
0.252
0.209
0.221
0.31
0.314
0.273
0.249
0.269
0.3
0.232
0.299
0.319
0.237
0.17800000000000000
0.205
0.278
0.24
0.273
0.213
0.252
0.31
0.232
0.322
0.321
0.243
0.203
0.223
0.289
0.33
0.214
0.199
0.248
0.279
0.231
0.292
0.329
0.233
0.193
0.184
0.242
0.309
0.251
0.226
0.262
0.308
0.25
0.293
0.318
0.252
0.201
0.188
0.243
0.295
0.295
0.219
0.246
0.28800000000000000
0.266
0.298
0.325
0.237
0.194
0.213
0.271
0.307
0.225
0.221
0.244
0.284
0.233
0.307
0.318
0.23
0.183
0.195
0.276
0.246
0.261
0.209
0.251
0.28600000000000000
0.249
0.295
0.326
0.259
0.19
0.185
0.197
0.242
0.264
0.307
0.257
0.294
0.232
0.301
0.32300000000000000
0.247
0.218
0.214
0.226
0.252
0.314
0.231
0.272
0.294
0.243
0.29600000000000000
0.319
0.242
0.173
0.226
0.266
0.251
0.342
0.257
0.258
0.304
0.242
0.301
0.329
0.256
0.209
0.225
0.245
0.252
0.285
0.27
0.292
0.28600000000000000
0.241
0.299
0.335
0.25
0.21600000000000000
0.23
0.245
0.25
0.268
0.231
0.272
0.31
0.245
0.305
0.343
0.258
0.212
0.229
0.229
0.32
0.236
0.276
0.262
0.282
0.239
0.302
0.326
0.24
0.188
0.198
0.213
0.214
0.271
0.223
0.276
0.285
0.241
0.306
0.333
0.255
0.219
0.246
0.234
0.276
0.262
0.226
0.24
0.292
0.259
0.3
0.34
0.256
0.191
0.179
0.21600000000000000
0.29
0.28800000000000000
0.208
0.267
0.298
0.241
0.307
0.326
0.232
0.182
0.2
0.243
0.228
0.236
0.224
0.244
0.28600000000000000
0.22
0.3
0.32
0.235
0.193
0.196
0.207
0.258
0.211
0.17800000000000000
0.259
0.295
0.231
0.287
0.321
0.242
0.2
0.208
0.222
0.268
0.244
0.223
0.239
0.297
0.23
0.302
0.34
0.24
0.2
0.192
0.212
0.211
0.241
0.191
0.276
0.321
0.238
0.297
0.327
0.235
0.193
0.231
0.222
0.289
0.229
0.191
0.265
0.294
0.232
0.314
0.33
0.255
0.195
0.207
0.22
0.226
0.236
0.191
0.242
0.292
0.231
0.301
0.327
0.247
0.187
0.202
0.194
0.225
0.224
0.18600000000000000
0.234
0.281
0.24
0.302
0.33
0.25
0.197
0.198
0.18600000000000000
0.223
0.221
0.204
0.263
0.3
0.257
0.306
0.331
0.268
0.232
0.18600000000000000
0.196
0.226
0.21
0.185
0.272
0.28800000000000000
0.241
0.3
0.321
0.244
0.232
0.201
0.192
0.231
0.251
0.201
0.259
0.276
0.24
0.29600000000000000
0.322
0.238
0.192
0.182
0.193
0.204
0.217
0.187
0.256
0.277
0.23
0.292
0.332
0.239
0.198
0.191
0.208
0.221
0.236
0.194
0.258
0.279
0.243
0.299
0.325
0.246
0.22
0.188
0.208
0.196
0.22
0.219
0.242
0.28800000000000000
0.236
0.298
0.325
0.247
0.2
0.199
0.211
0.194
0.225
0.192
0.249
0.297
0.238
0.295
0.325
0.249
0.194
0.215
0.213
0.198
0.201
0.196
0.252
0.298
0.256
0.29100000000000000
0.324
0.247
0.185
0.194
0.206
0.2
0.204
0.18
0.247
0.29600000000000000
0.231
0.295
0.32300000000000000
0.234
0.187
0.18600000000000000
0.19
0.199
0.202
0.18600000000000000
0.24
0.282
0.232
0.29100000000000000
0.322
0.232
0.175
0.181
0.192
0.221
0.204
0.18600000000000000
0.238
0.281
0.22
0.293
0.318
0.233
0.18600000000000000
0.184
0.19
0.195
0.199
0.184
0.243
0.277
0.23
0.3
0.313
0.227
0.17600000000000000
0.188
0.187
0.185
0.222
0.205
0.243
0.275
0.222
0.284
0.308
0.229
0.17
0.17800000000000000
0.181
0.18600000000000000
0.194
0.171
0.236
0.269
0.231
0.287
0.317
0.227
0.171
0.172
0.183
0.188
0.206
0.171
0.223
0.273
0.237
0.289
0.319
0.233
0.17
0.179
0.181
0.184
0.191
0.183
0.227
0.266
0.21600000000000000
0.284
0.305
0.221
0.16400000000000000
0.187
0.177
0.18
0.198
0.161
0.215
0.257
0.214
0.276
0.298
0.22
0.16700000000000000
0.162
0.16700000000000000
0.17
0.185
0.177
0.226
0.255
0.209
0.27
0.295
0.212
0.158
0.16400000000000000
0.17800000000000000
0.173
0.182
0.15
0.192
0.217
0.196
0.239
0.228
0.204
0.16400000000000000
0.139
0.152
0.132
0.149
0.141
0.175
0.23
0.238
0.24
0.251
0.21600000000000000
0.123
0.161
0.154
0.14400000000000000
0.18
0.168
0.225
0.264
0.218
0.276
0.302
0.22
0.166
0.168
0.174
0.166
0.187
0.161
0.228
0.264
0.21600000000000000
0.284
0.305
0.223
0.161
0.168
0.182
0.14800000000000000
0.182
0.18
0.218
0.217
0.187
0.228
0.248
0.204
0.14400000000000000
0.14300000000000000
0.147
0.152
0.141
0.121
0.16
0.209
0.14800000000000000
0.177
0.21600000000000000
0.162
0.107
0.135
0.115
0.099
0.168
0.109
0.14400000000000000
0.195
0.08900000000000000
0.093
0.08200000000000000
0.135
0.093
0.134
0.109
0.1
0.108
0.085
0.187
0.138
0.193
0.204
0.252
0.301
0.13700000000000000
0.104
0.087
0.114
0.173
0.084
0.103
0.08900000000000000
0.106
0.199
0.08200000000000000
0.07200000000000000
0.092
0.06
0.078
0.077
0.126
0.199
0.179
0.062
0.063
0.131
0.084
0.118
0.115
0.077
0.055
0.086
0.125
0.077
0.08800000000000000
0.156
0.08
0.07200000000000000
0.079
0.099
0.063
0.141
0.056
0.08900000000000000
0.125
0.049
0.116
0.104
0.154
0.079
0.142
0.069
0.138
0.06
0.039
0.075
0.064
0.128
0.17800000000000000
0.062
0.267
0.07400000000000000
0.103
0.255
0.202
0.119
0.068
0.08
0.108
0.102
0.058
0.102
0.097
0.098
0.061
0.126
0.099
0.095
0.08200000000000000
0.171
0.116
0.076
0.077
0.084
0.068
0.125
0.17800000000000000
0.065
0.063
0.041
0.046
0.069
0.084
0.125
0.078
0.174
0.223
0.139
0.086
0.083
0.07
0.076
0.099
0.059
0.111
0.125
0.068
0.064
0.161
0.112
0.101
0.107
0.073
0.07400000000000000
0.052000000000000000
0.07
0.126
0.079
0.11
0.077
0.071
0.16900000000000000
0.107
0.058
0.045
0.042
0.05
0.094
0.124
0.069
0.14300000000000000
0.111
0.187
0.08900000000000000
0.08
0.19
0.138
0.062
0.053
0.053
0.092
0.106
0.125
0.077
0.119
0.109
0.08
0.057
0.065
0.053
0.086
0.084
0.08200000000000000
0.114
0.066
0.099
0.086
0.1
0.062
0.063
0.042
0.059
0.05
0.101
0.17
0.063
0.067
0.112
0.104
0.106
0.076
0.129
0.106
0.076
0.065
0.086
0.105
0.05
0.067
0.091
0.113
0.118
0.096
0.126
0.141
0.079
0.07200000000000000
0.092
0.161
0.096
0.103
0.08200000000000000
0.085
0.129
0.151
0.081
0.064
0.083
0.08200000000000000
0.096
0.127
0.114
0.091
0.087
0.131
0.059
0.105
0.135
0.059
0.123
0.127
0.078
0.107
0.07
0.066
0.087
0.109
0.096
0.219
0.127
0.064
0.056
0.086
0.068
0.069
0.06
0.086
0.163
0.103
0.18
0.17
0.053
0.111
0.062
0.08200000000000000
0.087
0.12
0.11
0.064
0.133
0.11
0.111
0.078
0.065
0.041
0.062
0.035
0.095
0.13700000000000000
0.097
0.08800000000000000
0.139
0.106
0.158
0.099
0.096
0.08200000000000000
0.081
0.068
0.083
0.08900000000000000
0.102
0.078
0.149
0.067
0.054000000000000000
0.087
0.091
0.09
0.079
0.068
0.087
0.099
0.103
0.106
0.08900000000000000
0.134
0.14400000000000000
0.221
0.08
0.064
0.094
0.059
0.121
0.139
0.035
0.08
0.084
0.122
0.08200000000000000
0.099
0.118
0.059
0.058
0.05
0.08
0.077
0.087
0.093
0.09
0.071
0.073
0.067
0.067
0.066
0.111
0.11
0.115
0.173
0.09
0.05
0.106
0.124
0.07
0.061
0.098
0.096
0.091
0.054000000000000000
0.081
0.101
0.084
0.163
0.061
0.191
0.13700000000000000
0.085
0.07400000000000000
0.08200000000000000
0.106
0.066
0.08200000000000000
0.085
0.06
0.085
0.066
0.187
0.087
0.087
0.08
0.08900000000000000
0.104
0.107
0.117
0.113
0.048
0.086
0.066
0.06
0.06
0.059
0.14300000000000000
0.096
0.1
0.07200000000000000
0.115
0.091
0.076
0.078
0.065
0.068
0.14400000000000000
0.127
0.075
0.077
0.052000000000000000
0.054000000000000000
0.07
0.095
0.085
0.066
0.091
0.098
0.068
0.122
0.07200000000000000
0.062
0.07400000000000000
0.058
0.108
0.095
0.099
0.104
0.094
0.126
0.084
0.064
0.101
0.061
0.06
0.06
0.09
0.087
0.099
0.059
0.071
0.087
0.14
0.05
0.106
0.036000000000000000
0.132
0.079
0.066
0.087
0.076
0.04
0.062
0.07400000000000000
0.055
0.057
0.053
0.064
0.07
0.041
0.084
0.14800000000000000
0.069
0.061
0.073
0.066
0.081
0.084
0.049
0.047
0.083
0.155
0.096
0.097
0.094
0.046
0.056
0.075
0.11
0.065
0.102
0.064
0.09
0.081
0.063
0.105
0.071
0.044
0.08
0.087
0.076
0.051
0.068
0.077
0.064
0.065
0.057
0.083
0.077
0.078
0.063
0.08800000000000000
0.079
0.08800000000000000
0.087
0.086
0.087
0.044
0.08800000000000000
0.118
0.085
0.073
0.106
0.091
0.097
0.073
0.053
0.097
0.078
0.058
0.083
0.093
0.139
0.054000000000000000
0.07200000000000000
0.066
0.132
0.091
0.105
0.07
0.096
0.062
0.076
0.106
0.08200000000000000
0.05
0.083
0.114
0.07400000000000000
0.07400000000000000
0.047
0.055
0.081
0.045
0.07
0.08900000000000000
0.102
0.064
0.045
0.07200000000000000
0.101
0.08900000000000000
0.056
0.095
0.083
0.085
0.091
0.093
0.12
0.075
0.064
0.1
0.12
0.086
0.058
0.047
0.084
0.064
0.077
0.109
0.058
0.098
0.105
0.085
0.101
0.115
0.087
0.073
0.086
0.055
0.065
0.078
0.034
0.049
0.081
0.052000000000000000
0.077
0.067
0.103
0.079
0.12
0.064
0.07
0.097
0.055
0.07400000000000000
0.095
0.135
0.184
0.08900000000000000
0.067
0.085
0.075
0.062
0.062
0.104
0.069
0.057
0.07
0.097
0.115
0.104
0.084
0.091
0.092
0.056
0.064
0.115
0.06
0.052000000000000000
0.09
0.083
0.094
0.078
0.08
0.064
0.068
0.054000000000000000
0.064
0.118
0.077
0.08900000000000000
0.092
0.093
0.116
0.107
0.104
0.077
0.078
0.065
0.059
0.077
0.113
0.109
0.07
0.07200000000000000
0.115
0.113
0.102
0.1
0.085
0.059
0.059
0.068
0.099
0.083
0.071
0.097
0.07200000000000000
0.113
0.087
0.078
0.064
0.056
0.078
0.083
0.058
0.084
0.104
0.07400000000000000
0.14800000000000000
0.109
0.05
0.075
0.087
0.081
0.079
0.08
0.057
0.087
0.078
0.086
0.09
0.112
0.065
0.07
0.102
0.095
0.08200000000000000
0.067
0.064
0.046
0.056
0.08200000000000000
0.113
0.091
0.083
0.087
0.107
0.106
0.085
0.102
0.054000000000000000
0.055
0.109
0.078
0.076
0.069
0.069
0.098
0.116
0.09
0.097
0.093
0.09
0.098
0.104
0.09
0.126
0.129
0.104
0.077
0.079
0.085
0.075
0.068
0.098
0.111
0.068
0.096
0.078
0.115
0.086
0.076
0.121
0.09
0.13
0.121
0.06
0.08800000000000000
0.081
0.068
0.086
0.07200000000000000
0.079
0.102
0.119
0.1
