11.580000000000000
9.125
5.405
3.133
1.2950000000000000
2.0
4.689
8.247
10.867
13.058
14.053000000000000
13.489
11.743
9.117
5.744
3.462
2.291
2.707
4.279
7.330000000000000
10.893
13.304000000000000
14.233000000000000
13.624
11.824000000000000
9.416
5.3660000000000000
3.312
1.893
2.4290000000000000
4.345
8.278000000000000
11.377
13.319
14.31
13.668
11.925
9.197000000000000
5.6080000000000000
3.1710000000000000
2.737
2.354
3.751
7.907000000000000
10.835
13.395
14.138
13.579
11.753000000000000
8.828
5.452000000000000
3.407
2.515
2.38
4.618
8.281000000000000
11.023
12.856
14.159
13.777000000000000
12.128000000000000
9.409
6.605
3.005
1.4610000000000000
3.0980000000000000
5.492000000000000
8.223000000000000
11.385
13.293
14.171
13.816000000000000
11.955
9.666
5.804000000000000
3.655
2.1910000000000000
3.092
5.671
8.522
11.178
13.423
14.339
13.789000000000000
11.984000000000000
9.003
5.976
3.335
2.6840000000000000
3.6060000000000000
4.883
7.956000000000000
10.893
13.214
14.231
13.599
11.799000000000000
8.801
5.274
2.713
2.514
3.555
4.93
7.832000000000000
10.794
12.886
13.992
13.412
11.501
8.812000000000000
5.516
2.898
1.6370000000000000
2.2970000000000000
4.506
7.684000000000000
10.84
13.014000000000000
13.836000000000000
13.459000000000000
11.381000000000000
8.833
6.23
3.374
2.254
1.927
4.635
7.755000000000000
10.982000000000000
13.112
14.077
13.578
11.804000000000000
9.041
6.183
3.3540000000000000
2.068
2.301
4.8660000000000000
8.626
11.240000000000000
13.334000000000000
14.122
13.691000000000000
11.772000000000000
9.267000000000000
5.501
3.761
1.798
2.117
4.575
7.579
10.375
12.729000000000000
13.769
13.362
11.665
9.234
5.207000000000000
2.9560000000000000
2.3040000000000000
2.7690000000000000
4.136
7.832000000000000
11.141000000000000
13.293
14.197
13.376
11.977
8.865
5.272
3.071
1.395
2.7060000000000000
4.5890000000000000
7.534
10.611
12.962
14.06
13.752
11.879000000000000
9.192
6.236000000000000
3.2230000000000000
2.333
2.779
4.606
8.105000000000000
11.005
13.151
14.279000000000000
13.677
11.733
9.006
5.318
2.6840000000000000
1.66
2.4530000000000000
4.3470000000000000
7.990000000000000
10.829
13.009
14.082
13.499
11.638
9.263
5.9640000000000000
3.39
2.4020000000000000
3.3540000000000000
4.356
8.229
11.254000000000000
13.435
13.723000000000000
13.053000000000000
11.222000000000000
8.367000000000000
5.521
3.069
2.083
2.376
4.5170000000000000
8.023
10.745
13.005
14.137
13.724
11.759
9.077
6.024
4.103
3.3760000000000000
3.2
4.942
8.098000000000000
11.285000000000000
13.496
14.298
13.73
11.915
9.387
5.7590000000000000
3.6
2.299
3.265
5.143
8.705
11.493
13.3
14.443
13.77
11.867
8.984
6.216
3.633
2.616
2.957
4.846
8.047000000000000
10.972000000000000
12.942
14.052
13.58
11.726
9.053
5.596
2.316
2.133
2.36
4.488
7.855000000000000
10.443
12.915
14.259
13.471000000000000
11.745
8.544
5.82
2.247
1.934
2.455
4.811
7.644000000000000
10.54
12.908
14.002
13.431
11.881000000000000
9.433
5.683
2.8480000000000000
2.184
2.852
4.743
8.487
10.969000000000000
13.228
14.274
13.786
11.990000000000000
9.361
5.489
3.224
2.841
2.755
5.227
8.293
11.131000000000000
13.105
14.245
13.698
11.794
9.021
5.566
2.6290000000000000
2.98
3.125
5.081
8.324
11.245
13.44
14.436
13.561
11.869000000000000
9.264
5.864
3.6630000000000000
2.15
2.376
5.156000000000000
8.380000000000000
11.097000000000000
13.331
14.278000000000000
13.584000000000000
11.775
9.056000000000000
6.046
3.667
2.487
2.563
4.8660000000000000
7.749
10.849000000000000
13.296
13.984000000000000
13.611000000000000
11.883
9.52
6.378000000000000
3.88
2.339
2.888
5.352
7.97
11.188
13.342
14.304
13.654000000000000
11.957
9.203
6.4
3.485
2.268
2.701
5.126
8.442
11.039000000000000
13.089
14.066000000000000
13.769
11.979000000000000
9.196
6.34
4.398
3.4530000000000000
3.717
5.831
8.193
10.931
13.285
14.168
13.877
12.075
9.55
6.3
3.366
2.372
3.0390000000000000
4.668
8.035
11.104000000000000
13.272000000000000
14.323
13.698
12.254000000000000
9.887
6.346
3.267
3.0460000000000000
3.333
4.959
8.244
11.169
13.113
14.31
13.687000000000000
12.03
9.486
6.336
3.873
2.0540000000000000
2.172
5.099
8.094
10.915
12.928
13.957
13.68
11.807
9.46
6.172000000000000
2.571
2.401
3.1520000000000000
5.483
8.182000000000000
11.105
13.347000000000000
14.465
13.928
11.874
9.261000000000000
6.574
3.8310000000000000
2.761
2.708
5.22
8.163
11.02
13.573
14.576000000000000
14.12
12.283
9.937000000000000
6.243000000000000
4.027
3.6040000000000000
2.989
4.94
8.769
11.239
13.383
14.372
13.74
12.31
9.682
5.9080000000000000
3.527
2.169
2.657
4.869
8.125
11.047
13.11
14.236000000000000
13.76
11.854000000000000
9.238
5.89
3.1040000000000000
2.476
3.699
4.8180000000000000
8.016
11.478
13.402000000000000
14.343
13.778000000000000
11.727
9.421
6.397
3.985
2.1750000000000000
4.125
5.399
7.771000000000000
10.906
13.326
14.331
13.775
11.999
9.516
5.443
3.423
2.249
2.506
5.031000000000000
8.127000000000000
11.251
13.363
14.629000000000000
13.86
12.021
9.457
6.2330000000000000
3.9210000000000000
2.4530000000000000
3.553
4.851
8.140000000000000
11.422
13.603
14.375
14.007
12.413000000000000
9.729
6.356
3.478
2.91
3.417
5.651
8.913
11.456
13.321
14.482000000000000
13.963
12.427
9.784
6.53
3.51
2.932
3.232
4.926
8.328
11.524000000000000
13.531
14.395
13.932
11.958000000000000
9.218
6.189
4.959
2.335
3.423
5.4240000000000000
8.756
11.338
13.583
14.571
13.811
12.268
9.457
6.0760000000000000
4.1340000000000000
2.7350000000000000
3.67
5.213000000000000
8.575
11.493
13.63
14.694
14.028000000000000
11.816
9.71
5.953000000000000
3.707
3.103
2.8570000000000000
5.308
8.416000000000000
11.338
13.578
14.242
13.786
12.146
9.627
6.3950000000000000
3.945
2.396
3.513
5.138
8.638
11.485
13.161
14.46
13.774000000000000
12.096000000000000
9.907
6.26
4.2330000000000000
3.5040000000000000
3.591
5.531000000000000
8.434
11.334000000000000
13.478
14.468
14.017000000000000
12.45
9.808
6.091
3.434
2.525
2.6460000000000000
5.184
8.681000000000000
11.097000000000000
13.328
14.213
14.313000000000000
12.225
9.575
6.0730000000000000
3.158
2.9790000000000000
3.4610000000000000
5.236000000000000
8.837
11.355
13.298
14.409
13.834000000000000
12.064
9.281
6.235
3.134
2.597
3.2770000000000000
5.801
8.686
11.329
13.459000000000000
14.349
13.827
12.166
10.011000000000000
6.407
3.656
3.366
3.22
4.9190000000000000
8.499000000000000
11.537
13.664000000000000
14.445
13.896000000000000
12.155
9.584
6.1850000000000000
3.491
3.2190000000000000
2.759
5.077
8.344
11.309000000000000
13.223
14.199000000000000
13.826000000000000
11.957
9.531
6.148
3.449
2.008
2.721
5.247000000000000
8.123
11.297
13.382
14.14
13.46
11.952
9.153
5.372000000000000
3.528
2.138
2.332
5.091
8.367000000000000
11.438
13.25
14.324000000000000
14.021000000000000
12.324000000000000
9.67
6.2250000000000000
4.3280000000000000
3.049
3.3960000000000000
4.9670000000000000
8.461
11.352
13.442
14.549000000000000
13.964
12.238
9.157
5.425
3.659
2.964
3.6290000000000000
5.712000000000000
8.892000000000000
11.514000000000000
13.612
14.392000000000000
14.059000000000000
12.199000000000000
9.59
5.9240000000000000
3.998
2.059
3.0840000000000000
5.148
8.158
10.988
13.4
14.241
13.868
12.098
9.546
6.579
3.559
3.412
3.137
4.585
8.136000000000000
11.192000000000000
13.56
14.242
14.283
11.954
9.735
5.973
3.306
2.4660000000000000
2.781
4.889000000000000
7.922000000000000
10.721000000000000
13.16
14.18
13.189
11.783
8.928000000000000
5.7380000000000000
3.5980000000000000
2.488
3.12
5.0360000000000000
8.366
11.259
13.783
14.129000000000000
14.082
12.312000000000000
9.496
6.391
4.3280000000000000
3.5740000000000000
3.695
5.453000000000000
8.52
11.519000000000000
13.187000000000000
14.438000000000000
13.597000000000000
11.845
9.375
6.26
3.822
2.9590000000000000
3.33
5.854
8.819000000000000
11.323
13.577
14.449000000000000
13.853
11.946
9.16
5.752000000000000
3.77
2.713
3.798
4.303
8.133
10.872
13.484000000000000
14.198
13.825
12.095
9.497
5.828000000000000
4.2590000000000000
2.926
3.6830000000000000
5.5890000000000000
8.631
11.624
13.702
14.288
13.849
12.247
9.328
6.205
3.5
3.003
3.696
5.53
8.54
11.128
13.427
14.205
13.713
12.018
9.468
6.2830000000000000
3.94
2.901
4.02
5.0970000000000000
8.173
11.045
13.412
14.506000000000000
14.309000000000000
12.555
9.943
6.561
3.75
2.881
3.028
4.865
7.922000000000000
10.905
13.459000000000000
14.301000000000000
13.678000000000000
11.604000000000000
8.832000000000000
5.9830000000000000
3.458
2.862
3.036
5.182
7.990000000000000
11.222000000000000
13.308
14.078
13.807
11.73
9.488
5.86
3.766
2.49
3.29
5.527
8.161
11.2
13.587
14.569
13.731
12.133
9.153
5.969000000000000
3.382
2.71
2.905
5.396
8.458
11.632
13.194
14.331
13.821
12.054000000000000
9.809
6.176
3.915
2.353
3.245
6.117000000000000
8.455
11.068
13.204
14.026
13.524000000000000
11.62
9.453
5.891
3.24
1.966
2.45
5.131
8.576000000000000
11.354000000000000
13.475
14.218
13.804
12.048
9.489
6.42
4.21
2.8360000000000000
3.735
5.272
8.603
11.206
13.513
14.395
13.658
12.277000000000000
9.348
6.047000000000000
3.5210000000000000
2.967
2.867
5.001
8.339000000000000
11.211
13.099
14.139000000000000
13.879000000000000
12.139000000000000
9.388
6.295
3.867
1.882
2.609
5.287000000000000
8.337
11.155
13.501
14.231
14.171
11.901
9.346
5.7970000000000000
3.778
3.0380000000000000
3.898
5.82
8.938000000000000
11.769000000000000
13.824000000000000
14.435
13.869000000000000
12.125
9.609
6.222
3.832
2.261
2.582
5.19
8.386000000000000
11.198
13.382
14.288
14.016000000000000
11.744000000000000
9.098
5.915
3.55
3.0590000000000000
3.395
5.706
8.584
11.742
13.557
14.351000000000000
13.514000000000000
12.152000000000000
9.318
5.893
3.667
2.884
3.031
4.5170000000000000
8.294000000000000
10.942000000000000
13.086
14.155
13.511
11.895
8.511000000000000
5.66
3.681
2.492
3.471
5.702000000000000
8.85
11.78
13.876
14.631000000000000
14.09
11.862000000000000
9.156
6.5440000000000000
3.7490000000000000
2.705
3.4560000000000000
5.607
8.791000000000000
11.414000000000000
13.22
14.364
13.297
12.03
9.339
6.3500000000000000
3.74
2.6790000000000000
2.841
5.474
8.455
11.199000000000000
13.487
14.114
13.833
12.247
9.586
6.2860000000000000
4.6
2.9560000000000000
3.6520000000000000
5.367000000000000
8.935000000000000
11.77
13.582
14.742
14.189
12.321
9.55
6.684
4.016
3.785
4.021
6.239
8.953
11.565
13.765
14.738
14.502
12.236
9.394
6.273
4.519
2.5580000000000000
3.281
4.873
8.465
11.348
13.245
14.545
13.796
12.039000000000000
9.232000000000000
5.961
4.327
3.4450000000000000
3.8140000000000000
5.699
8.693
11.729000000000000
13.478
14.408
14.302
12.698
9.478
6.7650000000000000
3.829
2.9410000000000000
3.093
5.671
8.432000000000000
11.976
13.387
14.429
13.984000000000000
12.015
9.378
5.811
3.185
3.01
2.704
5.4510000000000000
8.633
11.426000000000000
13.569
13.973000000000000
14.059000000000000
11.98
9.338
5.968
3.785
3.315
3.991
5.755
8.871000000000000
11.581
13.439
14.293
13.972000000000000
11.817000000000000
9.299
5.9190000000000000
3.7510000000000000
3.139
4.1340000000000000
5.245
8.595000000000000
11.525
13.927
14.89
13.896000000000000
12.447000000000000
9.59
6.056
4.489
3.4540000000000000
3.4220000000000000
5.931
8.992000000000000
11.852
14.099
14.798
14.553000000000000
12.681
9.979
6.295
4.363
2.71
3.627
5.792000000000000
8.689
11.28
13.447000000000000
14.612
14.135
12.403
9.76
6.179000000000000
4.43
3.2430000000000000
3.6430000000000000
6.73
9.169
11.831
13.893
14.784
14.095
12.195
9.882
6.92
4.425
3.1950000000000000
4.0440000000000000
5.574
9.226
11.616
14.263
14.987
14.319
12.677
9.753
6.44
4.059
3.5790000000000000
3.931
5.952000000000000
8.572000000000000
11.535000000000000
13.576
14.139000000000000
13.766000000000000
11.672
9.353
5.889000000000000
4.075
3.301
3.745
5.923000000000000
8.69
11.475
13.518
14.595
13.835
11.93
9.614
5.7380000000000000
4.035
3.0240000000000000
2.81
5.731
9.018
11.684000000000000
14.144
14.658
13.977
12.516000000000000
10.002
6.788000000000000
4.113
3.54
4.656000000000000
5.956
8.972000000000000
11.57
14.164000000000000
15.116
14.636
12.565
10.106
6.761
4.123
2.862
4.0120000000000000
5.524
8.679
11.588
13.681
14.827
14.603
12.294
9.525
6.5470000000000000
4.325
3.165
3.766
6.0120000000000000
8.891
11.593
14.131000000000000
14.565
14.256000000000000
12.685
10.109
6.841
4.417
3.3520000000000000
4.8260000000000000
6.023
9.358
12.291
14.521
15.34
14.874
12.673000000000000
9.941
6.404
4.6690000000000000
3.5440000000000000
4.694
5.53
8.838
11.706
14.031
14.853
14.348000000000000
12.723
9.997
6.5920000000000000
4.565
2.95
4.184
6.219000000000000
9.552
11.874
14.06
14.848000000000000
14.519
12.547
9.486
6.312
3.863
3.3360000000000000
3.72
6.208000000000000
9.245
12.271
14.11
15.161
14.427
12.736
9.935
7.319
4.507
4.026
4.704
6.772
9.229
12.248
14.084000000000000
15.354
14.56
12.95
9.988
6.892
4.038
3.9810000000000000
4.085
6.048000000000000
9.154
12.153
14.017000000000000
14.983000000000000
14.691
12.911
10.424000000000000
6.727
5.133000000000000
3.5250000000000000
4.4990000000000000
6.321000000000000
9.249
11.571
13.889000000000000
14.312000000000000
14.188000000000000
12.642000000000000
10.127
7.315
4.257
3.8080000000000000
3.92
6.5440000000000000
9.618
12.226
14.476
15.19
14.51
13.217
10.601
7.423000000000000
4.878
3.286
4.43
6.3290000000000000
9.055
11.786
14.443
15.042
14.913
12.875
10.289000000000000
6.955
4.987
4.5790000000000000
4.221
6.485
9.823
12.518
14.309000000000000
15.23
14.752
12.93
10.332
7.0840000000000000
4.523
2.8440000000000000
3.576
6.906000000000000
9.295
12.054000000000000
14.145
15.174000000000000
14.377
12.802
10.399000000000000
7.224
4.385
3.687
4.094000000000000
6.086
9.367
12.112000000000000
14.201
15.231
14.655
13.153
10.136000000000000
7.031000000000000
4.31
3.737
4.399
6.7380000000000000
9.671
12.406
14.421
15.213
14.768000000000000
12.863
10.442
7.487
4.292
3.282
3.7430000000000000
6.101
9.483
11.986
14.37
15.482000000000000
15.012
12.912
10.352
6.814
4.6550000000000000
3.157
3.628
6.023
9.676000000000000
12.59
14.492
15.076000000000000
14.72
13.04
10.428
7.1560000000000000
4.102
3.685
4.222
6.261
9.044
12.195
14.568
15.003
14.742
13.154000000000000
10.256000000000000
7.4240000000000000
4.724
3.7320000000000000
3.5
6.378000000000000
9.589
12.582
14.335
14.873
14.875
13.091
10.33
6.713000000000000
4.85
3.881
4.664
6.74
9.313
12.312000000000000
14.505
15.051000000000000
14.755
12.999
10.801000000000000
7.433
5.518
